
0, 0, 0, 0, 0, 0, 0, 0, 240, 252, 248, 248, 240, 224, 192, 192, 
192, 192, 192, 192, 192, 192, 224, 240, 248, 248, 252, 248, 0, 0, 0, 0, 
0, 0, 0, 0, 0, 0, 0, 0, 0, 0, 0, 0, 0, 128, 192, 240, 
224, 96, 0, 128, 128, 0, 0, 0, 0, 0, 0, 0, 0, 0, 0, 0, 
0, 0, 0, 0, 0, 0, 0, 0, 0, 0, 0, 0, 0, 0, 0, 0, 
0, 0, 0, 0, 0, 0, 0, 0, 0, 0, 0, 0, 0, 0, 0, 0, 
0, 0, 0, 0, 0, 0, 0, 0, 0, 0, 0, 0, 0, 0, 0, 0, 
0, 0, 0, 0, 0, 0, 0, 0, 0, 0, 0, 0, 0, 0, 0, 0, 
0, 0, 0, 0, 0, 0, 0, 0, 243, 255, 255, 255, 255, 255, 255, 255, 
255, 255, 255, 255, 255, 255, 255, 255, 255, 255, 255, 247, 0, 0, 0, 0, 
0, 0, 0, 0, 0, 0, 28, 28, 56, 48, 56, 60, 62, 31, 135, 227, 
240, 252, 62, 31, 7, 3, 0, 0, 0, 128, 192, 128, 128, 0, 0, 0, 
0, 0, 0, 0, 0, 0, 0, 0, 0, 0, 0, 0, 0, 0, 0, 0, 
0, 0, 0, 0, 0, 0, 0, 0, 0, 0, 0, 0, 0, 0, 0, 0, 
0, 0, 0, 0, 0, 0, 0, 0, 0, 0, 0, 0, 0, 0, 0, 0, 
0, 0, 0, 0, 0, 0, 0, 0, 0, 0, 0, 0, 0, 0, 0, 0, 
0, 0, 0, 0, 5, 5, 5, 15, 63, 127, 255, 255, 255, 255, 255, 255, 
255, 255, 255, 255, 255, 255, 255, 255, 255, 255, 127, 63, 31, 1, 0, 0, 
0, 0, 0, 0, 0, 0, 0, 0, 0, 0, 0, 0, 0, 1, 1, 3, 
7, 6, 14, 12, 28, 24, 60, 124, 108, 76, 204, 253, 249, 127, 31, 140, 
224, 240, 120, 112, 96, 224, 224, 192, 128, 128, 0, 0, 0, 0, 0, 0, 
0, 0, 0, 0, 0, 0, 0, 0, 0, 0, 0, 0, 0, 0, 0, 0, 
0, 0, 0, 0, 0, 0, 0, 0, 0, 0, 0, 0, 0, 0, 0, 0, 
0, 0, 0, 0, 0, 0, 0, 0, 0, 0, 0, 0, 0, 0, 0, 0, 
0, 0, 0, 0, 0, 0, 0, 0, 0, 128, 240, 255, 255, 255, 255, 255, 
255, 255, 255, 255, 255, 255, 255, 255, 255, 240, 128, 0, 0, 0, 0, 0, 
0, 0, 0, 224, 248, 248, 252, 254, 62, 62, 30, 126, 254, 254, 252, 240, 
128, 128, 128, 128, 0, 0, 0, 0, 0, 0, 1, 1, 0, 0, 7, 7, 
3, 1, 16, 60, 62, 15, 7, 195, 225, 251, 127, 31, 206, 224, 240, 112, 
48, 48, 112, 224, 64, 0, 192, 224, 224, 96, 0, 0, 0, 0, 0, 0, 
0, 0, 0, 0, 0, 0, 0, 0, 0, 0, 0, 0, 0, 0, 0, 0, 
0, 0, 0, 0, 0, 0, 0, 0, 0, 0, 0, 0, 0, 0, 0, 0, 
0, 0, 0, 0, 0, 0, 128, 240, 254, 255, 255, 255, 255, 255, 255, 255, 
255, 255, 255, 255, 255, 255, 255, 255, 255, 255, 255, 254, 248, 192, 0, 0, 
0, 0, 1, 15, 63, 255, 255, 255, 248, 224, 0, 0, 31, 31, 63, 31, 
31, 143, 207, 255, 255, 255, 254, 124, 0, 0, 0, 0, 0, 0, 0, 0, 
0, 0, 0, 0, 0, 0, 0, 0, 1, 0, 0, 3, 7, 15, 28, 24, 
24, 0, 112, 120, 124, 31, 15, 7, 134, 198, 254, 252, 56, 0, 0, 0, 
0, 0, 0, 128, 128, 0, 0, 0, 0, 0, 0, 0, 0, 0, 0, 0, 
0, 0, 0, 0, 0, 0, 0, 0, 0, 0, 0, 0, 0, 0, 0, 0, 
0, 0, 0, 0, 0, 248, 255, 255, 255, 255, 255, 255, 255, 255, 255, 255, 
255, 255, 255, 255, 255, 255, 255, 255, 255, 255, 255, 255, 255, 255, 252, 0, 
0, 0, 0, 0, 0, 1, 255, 255, 255, 255, 255, 124, 62, 62, 62, 31, 
31, 15, 15, 7, 7, 3, 1, 0, 0, 0, 0, 0, 0, 0, 0, 0, 
0, 0, 0, 0, 0, 0, 0, 0, 0, 0, 0, 0, 0, 0, 0, 0, 
0, 0, 0, 0, 0, 0, 0, 2, 7, 7, 1, 8, 28, 28, 0, 96, 
120, 124, 31, 15, 7, 135, 198, 254, 252, 60, 128, 192, 192, 224, 224, 192, 
192, 128, 0, 0, 0, 0, 0, 0, 0, 0, 0, 0, 0, 0, 0, 0, 
0, 0, 0, 0, 112, 255, 255, 255, 255, 255, 255, 255, 255, 255, 255, 255, 
255, 255, 255, 255, 255, 255, 255, 255, 255, 255, 255, 255, 255, 255, 255, 252, 
192, 224, 240, 248, 252, 255, 127, 63, 15, 7, 0, 0, 0, 0, 0, 0, 
0, 0, 0, 0, 0, 0, 0, 0, 0, 0, 0, 0, 0, 0, 0, 0, 
0, 0, 0, 0, 0, 0, 0, 0, 0, 0, 0, 0, 0, 0, 0, 0, 
0, 0, 0, 0, 0, 0, 0, 0, 0, 0, 0, 0, 0, 0, 0, 0, 
0, 0, 0, 0, 2, 3, 7, 1, 0, 15, 31, 63, 115, 99, 102, 4, 
15, 143, 194, 244, 254, 62, 31, 30, 24, 0, 0, 0, 0, 0, 0, 0, 
0, 0, 0, 0, 0, 7, 15, 31, 31, 31, 63, 63, 63, 63, 63, 63, 
63, 63, 63, 63, 63, 63, 63, 63, 63, 63, 63, 31, 31, 31, 15, 15, 
7, 7, 3, 3, 1, 0, 0, 0, 0, 0, 0, 0, 0, 0, 0, 0, 
0, 0, 0, 0, 0, 0, 0, 0, 0, 0, 0, 0, 0, 0, 0, 0, 
0, 0, 0, 0, 0, 0, 0, 0, 0, 0, 0, 0, 0, 0, 0, 0, 
0, 0, 0, 0, 0, 0, 0, 0, 0, 0, 0, 0, 0, 0, 0, 0, 
0, 0, 0, 0, 0, 0, 0, 0, 0, 0, 0, 0, 0, 0, 0, 0, 
0, 3, 3, 7, 6, 2, 0, 0, 0, 0, 0, 0, 0, 0, 0, 0